# Created by Octave 4.0.0, Sun Jan 14 22:33:17 2018 GMT <grenada@grenada-Aspire-V3-572P>
# name: d
# type: scalar
2


# name: r
# type: scalar
5


# name: rr
# type: scalar
2


# name: t
# type: matrix
# rows: 1
# columns: 1000
 0 0.06289474781961547 0.1257894956392309 0.1886842434588464 0.2515789912784619 0.3144737390980774 0.3773684869176929 0.4402632347373083 0.5031579825569238 0.5660527303765392 0.6289474781961547 0.6918422260157702 0.7547369738353857 0.8176317216550012 0.8805264694746167 0.9434212172942321 1.006315965113848 1.069210712933463 1.132105460753078 1.195000208572694 1.257894956392309 1.320789704211925 1.38368445203154 1.446579199851156 1.509473947670771 1.572368695490387 1.635263443310002 1.698158191129618 1.761052938949233 1.823947686768849 1.886842434588464 1.94973718240808 2.012631930227695 2.075526678047311 2.138421425866926 2.201316173686541 2.264210921506157 2.327105669325773 2.390000417145388 2.452895164965003 2.515789912784619 2.578684660604234 2.64157940842385 2.704474156243466 2.767368904063081 2.830263651882696 2.893158399702312 2.956053147521927 3.018947895341543 3.081842643161158 3.144737390980774 3.207632138800389 3.270526886620005 3.33342163443962 3.396316382259235 3.459211130078851 3.522105877898467 3.585000625718082 3.647895373537697 3.710790121357313 3.773684869176928 3.836579616996544 3.899474364816159 3.962369112635775 4.02526386045539 4.088158608275005 4.151053356094621 4.213948103914237 4.276842851733853 4.339737599553468 4.402632347373083 4.465527095192699 4.528421843012314 4.59131659083193 4.654211338651545 4.71710608647116 4.780000834290776 4.842895582110391 4.905790329930007 4.968685077749623 5.031579825569238 5.094474573388854 5.157369321208469 5.220264069028084 5.2831588168477 5.346053564667315 5.408948312486931 5.471843060306546 5.534737808126161 5.597632555945777 5.660527303765392 5.723422051585008 5.786316799404624 5.849211547224239 5.912106295043855 5.97500104286347 6.037895790683086 6.100790538502701 6.163685286322316 6.226580034141932 6.289474781961547 6.352369529781162 6.415264277600778 6.478159025420394 6.54105377324001 6.603948521059625 6.66684326887924 6.729738016698856 6.792632764518471 6.855527512338087 6.918422260157702 6.981317007977317 7.044211755796933 7.107106503616548 7.170001251436164 7.23289599925578 7.295790747075395 7.358685494895011 7.421580242714626 7.484474990534241 7.547369738353857 7.610264486173472 7.673159233993088 7.736053981812703 7.798948729632318 7.861843477451934 7.924738225271549 7.987632973091165 8.050527720910781 8.113422468730397 8.176317216550011 8.239211964369627 8.302106712189243 8.365001460008857 8.427896207828473 8.490790955648089 8.553685703467705 8.616580451287319 8.679475199106935 8.742369946926551 8.805264694746166 8.868159442565782 8.931054190385398 8.993948938205012 9.056843686024628 9.119738433844244 9.18263318166386 9.245527929483474 9.30842267730309 9.371317425122706 9.434212172942321 9.497106920761937 9.560001668581553 9.622896416401167 9.685791164220783 9.748685912040399 9.811580659860013 9.874475407679629 9.937370155499245 10.00026490331886 10.06315965113848 10.12605439895809 10.18894914677771 10.25184389459732 10.31473864241694 10.37763339023655 10.44052813805617 10.50342288587578 10.5663176336954 10.62921238151502 10.69210712933463 10.75500187715425 10.81789662497386 10.88079137279348 10.94368612061309 11.00658086843271 11.06947561625232 11.13237036407194 11.19526511189155 11.25815985971117 11.32105460753078 11.3839493553504 11.44684410317002 11.50973885098963 11.57263359880925 11.63552834662886 11.69842309444848 11.76131784226809 11.82421259008771 11.88710733790732 11.95000208572694 12.01289683354656 12.07579158136617 12.13868632918579 12.2015810770054 12.26447582482502 12.32737057264463 12.39026532046425 12.45316006828386 12.51605481610348 12.57894956392309 12.64184431174271 12.70473905956232 12.76763380738194 12.83052855520156 12.89342330302117 12.95631805084079 13.0192127986604 13.08210754648002 13.14500229429963 13.20789704211925 13.27079178993887 13.33368653775848 13.3965812855781 13.45947603339771 13.52237078121733 13.58526552903694 13.64816027685656 13.71105502467617 13.77394977249579 13.8368445203154 13.89973926813502 13.96263401595463 14.02552876377425 14.08842351159387 14.15131825941348 14.2142130072331 14.27710775505271 14.34000250287233 14.40289725069194 14.46579199851156 14.52868674633118 14.59158149415079 14.65447624197041 14.71737098979002 14.78026573760964 14.84316048542925 14.90605523324887 14.96894998106848 15.0318447288881 15.09473947670771 15.15763422452733 15.22052897234694 15.28342372016656 15.34631846798618 15.40921321580579 15.47210796362541 15.53500271144502 15.59789745926464 15.66079220708425 15.72368695490387 15.78658170272348 15.8494764505431 15.91237119836271 15.97526594618233 16.03816069400195 16.10105544182156 16.16395018964118 16.22684493746079 16.28973968528041 16.35263443310002 16.41552918091964 16.47842392873925 16.54131867655887 16.60421342437849 16.6671081721981 16.73000292001771 16.79289766783733 16.85579241565695 16.91868716347656 16.98158191129618 17.04447665911579 17.10737140693541 17.17026615475502 17.23316090257464 17.29605565039425 17.35895039821387 17.42184514603349 17.4847398938531 17.54763464167272 17.61052938949233 17.67342413731195 17.73631888513156 17.79921363295118 17.8621083807708 17.92500312859041 17.98789787641002 18.05079262422964 18.11368737204926 18.17658211986887 18.23947686768849 18.3023716155081 18.36526636332772 18.42816111114733 18.49105585896695 18.55395060678656 18.61684535460618 18.6797401024258 18.74263485024541 18.80552959806502 18.86842434588464 18.93131909370426 18.99421384152387 19.05710858934349 19.12000333716311 19.18289808498272 19.24579283280233 19.30868758062195 19.37158232844157 19.43447707626118 19.4973718240808 19.56026657190041 19.62316131972003 19.68605606753964 19.74895081535926 19.81184556317887 19.87474031099849 19.93763505881811 20.00052980663772 20.06342455445733 20.12631930227695 20.18921405009657 20.25210879791618 20.3150035457358 20.37789829355541 20.44079304137503 20.50368778919464 20.56658253701426 20.62947728483388 20.69237203265349 20.75526678047311 20.81816152829272 20.88105627611234 20.94395102393195 21.00684577175157 21.06974051957118 21.1326352673908 21.19553001521042 21.25842476303003 21.32131951084964 21.38421425866926 21.44710900648888 21.51000375430849 21.57289850212811 21.63579324994772 21.69868799776734 21.76158274558695 21.82447749340657 21.88737224122618 21.9502669890458 22.01316173686542 22.07605648468503 22.13895123250465 22.20184598032426 22.26474072814388 22.32763547596349 22.39053022378311 22.45342497160273 22.51631971942234 22.57921446724195 22.64210921506157 22.70500396288119 22.7678987107008 22.83079345852042 22.89368820634003 22.95658295415965 23.01947770197926 23.08237244979888 23.14526719761849 23.20816194543811 23.27105669325773 23.33395144107734 23.39684618889695 23.45974093671657 23.52263568453619 23.5855304323558 23.64842518017542 23.71131992799504 23.77421467581465 23.83710942363426 23.90000417145388 23.9628989192735 24.02579366709311 24.08868841491273 24.15158316273234 24.21447791055196 24.27737265837157 24.34026740619119 24.4031621540108 24.46605690183042 24.52895164965004 24.59184639746965 24.65474114528926 24.71763589310888 24.7805306409285 24.84342538874811 24.90632013656773 24.96921488438734 25.03210963220696 25.09500438002657 25.15789912784619 25.22079387566581 25.28368862348542 25.34658337130504 25.40947811912465 25.47237286694427 25.53526761476388 25.5981623625835 25.66105711040311 25.72395185822273 25.78684660604235 25.84974135386196 25.91263610168157 25.97553084950119 26.03842559732081 26.10132034514042 26.16421509296004 26.22710984077965 26.29000458859927 26.35289933641888 26.4157940842385 26.47868883205811 26.54158357987773 26.60447832769735 26.66737307551696 26.73026782333658 26.79316257115619 26.85605731897581 26.91895206679542 26.98184681461504 27.04474156243465 27.10763631025427 27.17053105807388 27.2334258058935 